# Map and environment characteristics: x size, y size, map view x, map view y, clock time
30, 30, -2, 2, 4

# Hex data, stored rows
# Format is: TerrainEnumID, elevation, obstacle height, density, obscuration

# Row 0
0, 0, 0, 0, 0
0, 0, 0, 0, 0
2, 2, 2, 9, 0
0, 0, 0, 0, 0
0, 0, 0, 0, 0
2, 3, 2, 9, 0
0, 0, 0, 0, 0
0, 0, 0, 0, 0
0, 0, 0, 0, 0
0, 0, 0, 0, 0
2, 1, 2, 10, 0
0, 0, 0, 0, 0
0, 0, 0, 0, 0
0, 0, 0, 0, 0
2, 1, 2, 10, 0
0, 0, 0, 0, 0
1, 0, 20, 36, 0
0, 0, 0, 0, 0
0, 0, 0, 0, 0
0, 0, 0, 0, 0
0, 0, 0, 0, 0
2, 1, 2, 9, 0
2, 3, 2, 9, 0
2, 1, 2, 10, 0
2, 3, 2, 9, 0
0, 0, 0, 0, 0
0, 0, 0, 0, 0
0, 0, 0, 0, 0
2, 3, 2, 9, 0
1, 0, 14, 36, 0

# Row 1
0, 0, 0, 0, 0
0, 0, 0, 0, 0
0, 0, 0, 0, 0
2, 3, 2, 10, 0
2, 3, 2, 10, 0
2, 1, 2, 9, 0
2, 2, 2, 9, 0
0, 0, 0, 0, 0
0, 0, 0, 0, 0
0, 0, 0, 0, 0
2, 1, 2, 9, 0
0, 0, 0, 0, 0
0, 0, 0, 0, 0
2, 3, 2, 9, 0
0, 0, 0, 0, 0
0, 0, 0, 0, 0
2, 3, 2, 10, 0
0, 0, 0, 0, 0
1, 0, 16, 29, 0
2, 1, 2, 10, 0
2, 1, 2, 10, 0
0, 0, 0, 0, 0
0, 0, 0, 0, 0
0, 0, 0, 0, 0
0, 0, 0, 0, 0
2, 1, 2, 9, 0
2, 3, 2, 9, 0
0, 0, 0, 0, 0
0, 0, 0, 0, 0
0, 0, 0, 0, 0

# Row 2
0, 0, 0, 0, 0
0, 0, 0, 0, 0
0, 0, 0, 0, 0
0, 0, 0, 0, 0
0, 0, 0, 0, 0
0, 0, 0, 0, 0
0, 0, 0, 0, 0
1, 0, 13, 25, 0
2, 2, 2, 9, 0
0, 0, 0, 0, 0
0, 0, 0, 0, 0
2, 3, 2, 9, 0
1, 0, 13, 32, 0
2, 2, 2, 9, 0
0, 0, 0, 0, 0
0, 0, 0, 0, 0
2, 2, 2, 10, 0
0, 0, 0, 0, 0
2, 3, 2, 10, 0
0, 0, 0, 0, 0
0, 0, 0, 0, 0
0, 0, 0, 0, 0
0, 0, 0, 0, 0
2, 1, 2, 9, 0
0, 0, 0, 0, 0
0, 0, 0, 0, 0
0, 0, 0, 0, 0
1, 0, 24, 31, 0
2, 3, 2, 9, 0
0, 0, 0, 0, 0

# Row 3
2, 3, 2, 10, 0
0, 0, 0, 0, 0
0, 0, 0, 0, 0
0, 0, 0, 0, 0
0, 0, 0, 0, 0
0, 0, 0, 0, 0
0, 0, 0, 0, 0
1, 0, 19, 29, 0
0, 0, 0, 0, 0
0, 0, 0, 0, 0
0, 0, 0, 0, 0
1, 0, 8, 35, 0
0, 0, 0, 0, 0
2, 1, 2, 10, 0
0, 0, 0, 0, 0
0, 0, 0, 0, 0
0, 0, 0, 0, 0
2, 1, 2, 10, 0
1, 0, 12, 29, 0
2, 3, 2, 9, 0
0, 0, 0, 0, 0
0, 0, 0, 0, 0
2, 3, 2, 9, 0
0, 0, 0, 0, 0
0, 0, 0, 0, 0
0, 0, 0, 0, 0
0, 0, 0, 0, 0
0, 0, 0, 0, 0
0, 0, 0, 0, 0
0, 0, 0, 0, 0

# Row 4
2, 1, 2, 9, 0
2, 1, 2, 9, 0
0, 0, 0, 0, 0
0, 0, 0, 0, 0
0, 0, 0, 0, 0
2, 1, 2, 9, 0
0, 0, 0, 0, 0
1, 0, 19, 33, 0
2, 3, 2, 9, 0
1, 0, 9, 26, 0
0, 0, 0, 0, 0
0, 0, 0, 0, 0
0, 0, 0, 0, 0
2, 2, 2, 10, 0
2, 2, 2, 10, 0
0, 0, 0, 0, 0
0, 0, 0, 0, 0
0, 0, 0, 0, 0
2, 1, 2, 10, 0
0, 0, 0, 0, 0
0, 0, 0, 0, 0
2, 1, 2, 10, 0
0, 0, 0, 0, 0
1, 0, 24, 36, 0
1, 0, 27, 36, 0
0, 0, 0, 0, 0
0, 0, 0, 0, 0
0, 0, 0, 0, 0
1, 0, 27, 31, 0
0, 0, 0, 0, 0

# Row 5
0, 0, 0, 0, 0
0, 0, 0, 0, 0
2, 1, 2, 9, 0
0, 0, 0, 0, 0
1, 0, 11, 33, 0
0, 0, 0, 0, 0
0, 0, 0, 0, 0
2, 1, 2, 10, 0
0, 0, 0, 0, 0
1, 0, 21, 30, 0
2, 3, 2, 10, 0
2, 1, 2, 10, 0
0, 0, 0, 0, 0
0, 0, 0, 0, 0
0, 0, 0, 0, 0
2, 2, 2, 10, 0
1, 0, 18, 25, 0
1, 0, 13, 35, 0
2, 3, 2, 9, 0
0, 0, 0, 0, 0
2, 1, 2, 10, 0
1, 0, 11, 29, 0
0, 0, 0, 0, 0
2, 2, 2, 9, 0
0, 0, 0, 0, 0
2, 3, 2, 9, 0
0, 0, 0, 0, 0
0, 0, 0, 0, 0
0, 0, 0, 0, 0
0, 0, 0, 0, 0

# Row 6
1, 0, 21, 34, 0
2, 1, 2, 9, 0
0, 0, 0, 0, 0
1, 0, 26, 31, 0
2, 2, 2, 10, 0
0, 0, 0, 0, 0
2, 3, 2, 9, 0
0, 0, 0, 0, 0
0, 0, 0, 0, 0
0, 0, 0, 0, 0
2, 1, 2, 10, 0
2, 1, 2, 10, 0
2, 2, 2, 10, 0
0, 0, 0, 0, 0
0, 0, 0, 0, 0
0, 0, 0, 0, 0
2, 1, 2, 10, 0
2, 1, 2, 10, 0
0, 0, 0, 0, 0
0, 0, 0, 0, 0
0, 0, 0, 0, 0
0, 0, 0, 0, 0
0, 0, 0, 0, 0
2, 1, 2, 10, 0
0, 0, 0, 0, 0
2, 1, 2, 9, 0
0, 0, 0, 0, 0
2, 1, 2, 10, 0
0, 0, 0, 0, 0
2, 1, 2, 10, 0

# Row 7
0, 0, 0, 0, 0
0, 0, 0, 0, 0
0, 0, 0, 0, 0
0, 0, 0, 0, 0
1, 0, 24, 35, 0
0, 0, 0, 0, 0
2, 3, 2, 10, 0
2, 2, 2, 10, 0
0, 0, 0, 0, 0
1, 0, 8, 31, 0
0, 0, 0, 0, 0
2, 3, 2, 10, 0
2, 1, 2, 10, 0
0, 0, 0, 0, 0
0, 0, 0, 0, 0
2, 3, 2, 9, 0
0, 0, 0, 0, 0
2, 3, 2, 9, 0
0, 0, 0, 0, 0
1, 0, 8, 30, 0
1, 0, 10, 29, 0
2, 3, 2, 9, 0
0, 0, 0, 0, 0
2, 3, 2, 9, 0
0, 0, 0, 0, 0
2, 2, 2, 9, 0
0, 0, 0, 0, 0
0, 0, 0, 0, 0
0, 0, 0, 0, 0
0, 0, 0, 0, 0

# Row 8
1, 0, 24, 28, 0
0, 0, 0, 0, 0
0, 0, 0, 0, 0
0, 0, 0, 0, 0
2, 1, 2, 9, 0
0, 0, 0, 0, 0
0, 0, 0, 0, 0
0, 0, 0, 0, 0
1, 0, 20, 27, 0
1, 0, 12, 35, 0
2, 3, 2, 10, 0
2, 1, 2, 9, 0
0, 0, 0, 0, 0
1, 0, 13, 32, 0
0, 0, 0, 0, 0
0, 0, 0, 0, 0
1, 0, 22, 27, 0
1, 0, 11, 27, 0
0, 0, 0, 0, 0
0, 0, 0, 0, 0
0, 0, 0, 0, 0
0, 0, 0, 0, 0
0, 0, 0, 0, 0
2, 1, 2, 10, 0
2, 1, 2, 10, 0
0, 0, 0, 0, 0
0, 0, 0, 0, 0
1, 0, 26, 25, 0
2, 1, 2, 10, 0
0, 0, 0, 0, 0

# Row 9
2, 3, 2, 9, 0
0, 0, 0, 0, 0
0, 0, 0, 0, 0
0, 0, 0, 0, 0
1, 0, 28, 36, 0
1, 0, 26, 36, 0
2, 3, 2, 10, 0
2, 1, 2, 9, 0
0, 0, 0, 0, 0
0, 0, 0, 0, 0
2, 2, 2, 9, 0
1, 0, 28, 32, 0
2, 1, 2, 10, 0
2, 1, 2, 10, 0
0, 0, 0, 0, 0
0, 0, 0, 0, 0
2, 1, 2, 10, 0
1, 0, 17, 29, 0
0, 0, 0, 0, 0
0, 0, 0, 0, 0
1, 0, 26, 35, 0
2, 1, 2, 10, 0
2, 3, 2, 9, 0
2, 3, 2, 9, 0
0, 0, 0, 0, 0
0, 0, 0, 0, 0
0, 0, 0, 0, 0
1, 0, 25, 27, 0
0, 0, 0, 0, 0
0, 0, 0, 0, 0

# Row 10
0, 0, 0, 0, 0
2, 3, 2, 9, 0
2, 2, 2, 10, 0
1, 0, 26, 29, 0
0, 0, 0, 0, 0
2, 3, 2, 10, 0
0, 0, 0, 0, 0
2, 2, 2, 10, 0
2, 3, 2, 10, 0
0, 0, 0, 0, 0
0, 0, 0, 0, 0
2, 3, 2, 9, 0
1, 0, 10, 28, 0
0, 0, 0, 0, 0
0, 0, 0, 0, 0
0, 0, 0, 0, 0
2, 1, 2, 9, 0
0, 0, 0, 0, 0
0, 0, 0, 0, 0
0, 0, 0, 0, 0
0, 0, 0, 0, 0
2, 2, 2, 10, 0
2, 2, 2, 9, 0
0, 0, 0, 0, 0
2, 1, 2, 9, 0
2, 3, 2, 9, 0
2, 2, 2, 9, 0
0, 0, 0, 0, 0
0, 0, 0, 0, 0
2, 3, 2, 9, 0

# Row 11
0, 0, 0, 0, 0
2, 3, 2, 9, 0
1, 0, 28, 27, 0
0, 0, 0, 0, 0
0, 0, 0, 0, 0
0, 0, 0, 0, 0
2, 3, 2, 9, 0
2, 2, 2, 9, 0
0, 0, 0, 0, 0
0, 0, 0, 0, 0
2, 3, 2, 10, 0
2, 2, 2, 10, 0
2, 3, 2, 9, 0
1, 0, 24, 35, 0
2, 3, 2, 10, 0
0, 0, 0, 0, 0
1, 0, 24, 34, 0
1, 0, 21, 28, 0
0, 0, 0, 0, 0
0, 0, 0, 0, 0
0, 0, 0, 0, 0
2, 3, 2, 9, 0
2, 1, 2, 9, 0
0, 0, 0, 0, 0
0, 0, 0, 0, 0
2, 1, 2, 10, 0
2, 2, 2, 10, 0
0, 0, 0, 0, 0
2, 3, 2, 9, 0
0, 0, 0, 0, 0

# Row 12
0, 0, 0, 0, 0
2, 2, 2, 9, 0
0, 0, 0, 0, 0
2, 2, 2, 9, 0
2, 2, 2, 10, 0
2, 1, 2, 10, 0
0, 0, 0, 0, 0
0, 0, 0, 0, 0
2, 1, 2, 10, 0
2, 2, 2, 10, 0
1, 0, 27, 35, 0
2, 2, 2, 10, 0
1, 0, 24, 35, 0
0, 0, 0, 0, 0
0, 0, 0, 0, 0
2, 1, 2, 10, 0
2, 3, 2, 9, 0
2, 1, 2, 10, 0
0, 0, 0, 0, 0
0, 0, 0, 0, 0
0, 0, 0, 0, 0
0, 0, 0, 0, 0
0, 0, 0, 0, 0
1, 0, 19, 27, 0
2, 3, 2, 9, 0
0, 0, 0, 0, 0
2, 2, 2, 10, 0
2, 1, 2, 9, 0
1, 0, 19, 26, 0
2, 2, 2, 10, 0

# Row 13
0, 0, 0, 0, 0
0, 0, 0, 0, 0
2, 2, 2, 9, 0
0, 0, 0, 0, 0
0, 0, 0, 0, 0
0, 0, 0, 0, 0
0, 0, 0, 0, 0
0, 0, 0, 0, 0
2, 2, 2, 9, 0
0, 0, 0, 0, 0
2, 3, 2, 9, 0
0, 0, 0, 0, 0
1, 0, 11, 33, 0
2, 1, 2, 10, 0
0, 0, 0, 0, 0
0, 0, 0, 0, 0
0, 0, 0, 0, 0
2, 2, 2, 10, 0
2, 1, 2, 9, 0
2, 1, 2, 9, 0
0, 0, 0, 0, 0
2, 3, 2, 10, 0
2, 2, 2, 10, 0
1, 0, 27, 29, 0
2, 1, 2, 9, 0
2, 1, 2, 10, 0
1, 0, 9, 36, 0
0, 0, 0, 0, 0
0, 0, 0, 0, 0
2, 2, 2, 10, 0

# Row 14
0, 0, 0, 0, 0
2, 3, 2, 10, 0
2, 3, 2, 9, 0
2, 3, 2, 10, 0
0, 0, 0, 0, 0
0, 0, 0, 0, 0
2, 3, 2, 10, 0
1, 0, 20, 25, 0
2, 3, 2, 10, 0
0, 0, 0, 0, 0
0, 0, 0, 0, 0
2, 1, 2, 10, 0
0, 0, 0, 0, 0
0, 0, 0, 0, 0
0, 0, 0, 0, 0
1, 0, 23, 29, 0
0, 0, 0, 0, 0
0, 0, 0, 0, 0
0, 0, 0, 0, 0
2, 2, 2, 9, 0
0, 0, 0, 0, 0
0, 0, 0, 0, 0
2, 3, 2, 9, 0
1, 0, 10, 30, 0
2, 1, 2, 9, 0
0, 0, 0, 0, 0
0, 0, 0, 0, 0
0, 0, 0, 0, 0
0, 0, 0, 0, 0
0, 0, 0, 0, 0

# Row 15
2, 2, 2, 10, 0
2, 3, 2, 10, 0
2, 3, 2, 10, 0
0, 0, 0, 0, 0
0, 0, 0, 0, 0
0, 0, 0, 0, 0
0, 0, 0, 0, 0
0, 0, 0, 0, 0
0, 0, 0, 0, 0
2, 3, 2, 10, 0
2, 2, 2, 10, 0
0, 0, 0, 0, 0
2, 2, 2, 10, 0
0, 0, 0, 0, 0
0, 0, 0, 0, 0
0, 0, 0, 0, 0
0, 0, 0, 0, 0
0, 0, 0, 0, 0
0, 0, 0, 0, 0
0, 0, 0, 0, 0
0, 0, 0, 0, 0
0, 0, 0, 0, 0
0, 0, 0, 0, 0
0, 0, 0, 0, 0
0, 0, 0, 0, 0
0, 0, 0, 0, 0
2, 3, 2, 9, 0
0, 0, 0, 0, 0
2, 3, 2, 10, 0
0, 0, 0, 0, 0

# Row 16
2, 1, 2, 9, 0
1, 0, 26, 27, 0
2, 3, 2, 9, 0
0, 0, 0, 0, 0
1, 0, 20, 29, 0
1, 0, 8, 26, 0
0, 0, 0, 0, 0
0, 0, 0, 0, 0
0, 0, 0, 0, 0
1, 0, 19, 31, 0
1, 0, 21, 26, 0
0, 0, 0, 0, 0
0, 0, 0, 0, 0
0, 0, 0, 0, 0
0, 0, 0, 0, 0
2, 3, 2, 10, 0
0, 0, 0, 0, 0
0, 0, 0, 0, 0
0, 0, 0, 0, 0
0, 0, 0, 0, 0
1, 0, 29, 28, 0
0, 0, 0, 0, 0
0, 0, 0, 0, 0
0, 0, 0, 0, 0
0, 0, 0, 0, 0
2, 3, 2, 10, 0
0, 0, 0, 0, 0
0, 0, 0, 0, 0
0, 0, 0, 0, 0
0, 0, 0, 0, 0

# Row 17
0, 0, 0, 0, 0
1, 0, 21, 36, 0
0, 0, 0, 0, 0
0, 0, 0, 0, 0
0, 0, 0, 0, 0
0, 0, 0, 0, 0
0, 0, 0, 0, 0
2, 3, 2, 10, 0
0, 0, 0, 0, 0
2, 1, 2, 10, 0
0, 0, 0, 0, 0
2, 1, 2, 9, 0
0, 0, 0, 0, 0
0, 0, 0, 0, 0
0, 0, 0, 0, 0
0, 0, 0, 0, 0
2, 2, 2, 10, 0
2, 2, 2, 10, 0
0, 0, 0, 0, 0
0, 0, 0, 0, 0
0, 0, 0, 0, 0
0, 0, 0, 0, 0
0, 0, 0, 0, 0
0, 0, 0, 0, 0
0, 0, 0, 0, 0
0, 0, 0, 0, 0
0, 0, 0, 0, 0
2, 2, 2, 10, 0
0, 0, 0, 0, 0
2, 2, 2, 9, 0

# Row 18
2, 1, 2, 10, 0
2, 2, 2, 10, 0
0, 0, 0, 0, 0
0, 0, 0, 0, 0
2, 3, 2, 10, 0
0, 0, 0, 0, 0
0, 0, 0, 0, 0
1, 0, 18, 26, 0
0, 0, 0, 0, 0
2, 3, 2, 10, 0
0, 0, 0, 0, 0
0, 0, 0, 0, 0
2, 3, 2, 10, 0
2, 3, 2, 10, 0
0, 0, 0, 0, 0
2, 2, 2, 10, 0
0, 0, 0, 0, 0
0, 0, 0, 0, 0
0, 0, 0, 0, 0
0, 0, 0, 0, 0
0, 0, 0, 0, 0
0, 0, 0, 0, 0
2, 2, 2, 9, 0
0, 0, 0, 0, 0
0, 0, 0, 0, 0
0, 0, 0, 0, 0
0, 0, 0, 0, 0
0, 0, 0, 0, 0
1, 0, 28, 28, 0
0, 0, 0, 0, 0

# Row 19
0, 0, 0, 0, 0
0, 0, 0, 0, 0
0, 0, 0, 0, 0
1, 0, 15, 27, 0
1, 0, 28, 27, 0
0, 0, 0, 0, 0
1, 0, 17, 30, 0
2, 2, 2, 10, 0
0, 0, 0, 0, 0
2, 2, 2, 9, 0
0, 0, 0, 0, 0
0, 0, 0, 0, 0
0, 0, 0, 0, 0
2, 3, 2, 10, 0
1, 0, 16, 31, 0
0, 0, 0, 0, 0
0, 0, 0, 0, 0
0, 0, 0, 0, 0
0, 0, 0, 0, 0
0, 0, 0, 0, 0
0, 0, 0, 0, 0
0, 0, 0, 0, 0
0, 0, 0, 0, 0
0, 0, 0, 0, 0
0, 0, 0, 0, 0
2, 3, 2, 10, 0
2, 3, 2, 10, 0
0, 0, 0, 0, 0
0, 0, 0, 0, 0
0, 0, 0, 0, 0

# Row 20
1, 0, 20, 26, 0
0, 0, 0, 0, 0
0, 0, 0, 0, 0
0, 0, 0, 0, 0
0, 0, 0, 0, 0
1, 0, 18, 34, 0
0, 0, 0, 0, 0
0, 0, 0, 0, 0
2, 2, 2, 9, 0
0, 0, 0, 0, 0
0, 0, 0, 0, 0
0, 0, 0, 0, 0
0, 0, 0, 0, 0
1, 0, 24, 35, 0
2, 1, 2, 9, 0
1, 0, 10, 27, 0
2, 3, 2, 9, 0
0, 0, 0, 0, 0
0, 0, 0, 0, 0
2, 1, 2, 10, 0
0, 0, 0, 0, 0
0, 0, 0, 0, 0
2, 1, 2, 10, 0
0, 0, 0, 0, 0
2, 1, 2, 9, 0
2, 2, 2, 10, 0
0, 0, 0, 0, 0
0, 0, 0, 0, 0
1, 0, 21, 32, 0
2, 3, 2, 9, 0

# Row 21
2, 3, 2, 9, 0
0, 0, 0, 0, 0
0, 0, 0, 0, 0
2, 3, 2, 10, 0
2, 1, 2, 9, 0
0, 0, 0, 0, 0
2, 2, 2, 9, 0
2, 1, 2, 10, 0
0, 0, 0, 0, 0
0, 0, 0, 0, 0
0, 0, 0, 0, 0
0, 0, 0, 0, 0
0, 0, 0, 0, 0
0, 0, 0, 0, 0
0, 0, 0, 0, 0
0, 0, 0, 0, 0
0, 0, 0, 0, 0
0, 0, 0, 0, 0
0, 0, 0, 0, 0
0, 0, 0, 0, 0
0, 0, 0, 0, 0
2, 2, 2, 9, 0
0, 0, 0, 0, 0
0, 0, 0, 0, 0
0, 0, 0, 0, 0
0, 0, 0, 0, 0
0, 0, 0, 0, 0
0, 0, 0, 0, 0
1, 0, 11, 25, 0
0, 0, 0, 0, 0

# Row 22
0, 0, 0, 0, 0
1, 0, 9, 34, 0
0, 0, 0, 0, 0
0, 0, 0, 0, 0
0, 0, 0, 0, 0
0, 0, 0, 0, 0
0, 0, 0, 0, 0
0, 0, 0, 0, 0
0, 0, 0, 0, 0
2, 3, 2, 9, 0
0, 0, 0, 0, 0
2, 3, 2, 9, 0
2, 3, 2, 10, 0
0, 0, 0, 0, 0
0, 0, 0, 0, 0
0, 0, 0, 0, 0
0, 0, 0, 0, 0
0, 0, 0, 0, 0
0, 0, 0, 0, 0
0, 0, 0, 0, 0
2, 2, 2, 9, 0
0, 0, 0, 0, 0
0, 0, 0, 0, 0
2, 2, 2, 10, 0
0, 0, 0, 0, 0
2, 1, 2, 9, 0
0, 0, 0, 0, 0
0, 0, 0, 0, 0
1, 0, 21, 30, 0
2, 3, 2, 9, 0

# Row 23
1, 0, 9, 34, 0
0, 0, 0, 0, 0
2, 2, 2, 10, 0
0, 0, 0, 0, 0
0, 0, 0, 0, 0
0, 0, 0, 0, 0
0, 0, 0, 0, 0
0, 0, 0, 0, 0
0, 0, 0, 0, 0
0, 0, 0, 0, 0
0, 0, 0, 0, 0
2, 2, 2, 9, 0
2, 3, 2, 9, 0
2, 3, 2, 9, 0
0, 0, 0, 0, 0
0, 0, 0, 0, 0
0, 0, 0, 0, 0
0, 0, 0, 0, 0
2, 2, 2, 10, 0
2, 3, 2, 10, 0
1, 0, 20, 30, 0
2, 2, 2, 9, 0
2, 3, 2, 9, 0
0, 0, 0, 0, 0
2, 3, 2, 10, 0
2, 1, 2, 10, 0
0, 0, 0, 0, 0
0, 0, 0, 0, 0
0, 0, 0, 0, 0
2, 3, 2, 10, 0

# Row 24
2, 2, 2, 10, 0
0, 0, 0, 0, 0
2, 3, 2, 10, 0
1, 0, 10, 28, 0
0, 0, 0, 0, 0
2, 1, 2, 10, 0
0, 0, 0, 0, 0
0, 0, 0, 0, 0
0, 0, 0, 0, 0
1, 0, 23, 31, 0
0, 0, 0, 0, 0
0, 0, 0, 0, 0
0, 0, 0, 0, 0
0, 0, 0, 0, 0
0, 0, 0, 0, 0
1, 0, 17, 27, 0
0, 0, 0, 0, 0
0, 0, 0, 0, 0
1, 0, 10, 32, 0
0, 0, 0, 0, 0
1, 0, 29, 35, 0
0, 0, 0, 0, 0
0, 0, 0, 0, 0
1, 0, 23, 35, 0
1, 0, 17, 27, 0
0, 0, 0, 0, 0
0, 0, 0, 0, 0
1, 0, 16, 35, 0
0, 0, 0, 0, 0
0, 0, 0, 0, 0

# Row 25
2, 1, 2, 10, 0
2, 1, 2, 9, 0
0, 0, 0, 0, 0
2, 2, 2, 10, 0
0, 0, 0, 0, 0
0, 0, 0, 0, 0
0, 0, 0, 0, 0
0, 0, 0, 0, 0
0, 0, 0, 0, 0
2, 2, 2, 10, 0
0, 0, 0, 0, 0
2, 3, 2, 10, 0
0, 0, 0, 0, 0
0, 0, 0, 0, 0
0, 0, 0, 0, 0
2, 2, 2, 9, 0
2, 1, 2, 10, 0
0, 0, 0, 0, 0
0, 0, 0, 0, 0
0, 0, 0, 0, 0
0, 0, 0, 0, 0
0, 0, 0, 0, 0
2, 2, 2, 9, 0
0, 0, 0, 0, 0
0, 0, 0, 0, 0
0, 0, 0, 0, 0
0, 0, 0, 0, 0
2, 2, 2, 10, 0
2, 3, 2, 10, 0
0, 0, 0, 0, 0

# Row 26
0, 0, 0, 0, 0
0, 0, 0, 0, 0
0, 0, 0, 0, 0
0, 0, 0, 0, 0
0, 0, 0, 0, 0
2, 3, 2, 10, 0
2, 2, 2, 9, 0
2, 2, 2, 10, 0
0, 0, 0, 0, 0
0, 0, 0, 0, 0
1, 0, 28, 26, 0
2, 3, 2, 9, 0
1, 0, 19, 28, 0
2, 3, 2, 10, 0
0, 0, 0, 0, 0
2, 3, 2, 10, 0
1, 0, 11, 30, 0
0, 0, 0, 0, 0
1, 0, 22, 28, 0
0, 0, 0, 0, 0
0, 0, 0, 0, 0
0, 0, 0, 0, 0
0, 0, 0, 0, 0
2, 3, 2, 10, 0
0, 0, 0, 0, 0
2, 1, 2, 10, 0
2, 2, 2, 10, 0
0, 0, 0, 0, 0
1, 0, 22, 28, 0
2, 3, 2, 9, 0

# Row 27
0, 0, 0, 0, 0
0, 0, 0, 0, 0
0, 0, 0, 0, 0
1, 0, 20, 26, 0
2, 2, 2, 10, 0
2, 3, 2, 10, 0
0, 0, 0, 0, 0
0, 0, 0, 0, 0
0, 0, 0, 0, 0
0, 0, 0, 0, 0
0, 0, 0, 0, 0
0, 0, 0, 0, 0
0, 0, 0, 0, 0
0, 0, 0, 0, 0
1, 0, 10, 26, 0
0, 0, 0, 0, 0
2, 3, 2, 9, 0
0, 0, 0, 0, 0
2, 2, 2, 9, 0
0, 0, 0, 0, 0
1, 0, 27, 26, 0
0, 0, 0, 0, 0
2, 2, 2, 10, 0
0, 0, 0, 0, 0
2, 1, 2, 9, 0
0, 0, 0, 0, 0
2, 1, 2, 10, 0
0, 0, 0, 0, 0
0, 0, 0, 0, 0
0, 0, 0, 0, 0

# Row 28
0, 0, 0, 0, 0
0, 0, 0, 0, 0
2, 1, 2, 9, 0
0, 0, 0, 0, 0
0, 0, 0, 0, 0
2, 1, 2, 9, 0
1, 0, 18, 34, 0
1, 0, 9, 27, 0
0, 0, 0, 0, 0
0, 0, 0, 0, 0
2, 2, 2, 10, 0
1, 0, 14, 34, 0
0, 0, 0, 0, 0
0, 0, 0, 0, 0
0, 0, 0, 0, 0
0, 0, 0, 0, 0
0, 0, 0, 0, 0
0, 0, 0, 0, 0
0, 0, 0, 0, 0
2, 3, 2, 10, 0
2, 2, 2, 9, 0
2, 2, 2, 10, 0
0, 0, 0, 0, 0
2, 2, 2, 10, 0
0, 0, 0, 0, 0
1, 0, 26, 30, 0
2, 2, 2, 9, 0
2, 2, 2, 10, 0
0, 0, 0, 0, 0
0, 0, 0, 0, 0

# Row 29
2, 1, 2, 9, 0
0, 0, 0, 0, 0
1, 0, 17, 31, 0
0, 0, 0, 0, 0
0, 0, 0, 0, 0
2, 2, 2, 9, 0
2, 3, 2, 10, 0
0, 0, 0, 0, 0
0, 0, 0, 0, 0
0, 0, 0, 0, 0
0, 0, 0, 0, 0
0, 0, 0, 0, 0
0, 0, 0, 0, 0
2, 2, 2, 9, 0
0, 0, 0, 0, 0
0, 0, 0, 0, 0
2, 2, 2, 9, 0
0, 0, 0, 0, 0
2, 2, 2, 10, 0
2, 1, 2, 9, 0
0, 0, 0, 0, 0
0, 0, 0, 0, 0
0, 0, 0, 0, 0
0, 0, 0, 0, 0
2, 1, 2, 9, 0
0, 0, 0, 0, 0
0, 0, 0, 0, 0
2, 3, 2, 9, 0
2, 2, 2, 9, 0
0, 0, 0, 0, 0

# Unit information
# Format is: unitID, callsign, x, y, hullOrientation, turretOrientation, type, side, waypoints

1, Blue 1, 6, 6, 30.00, 180.00, M1A2, FRIENDLY, (6, 5) (10, 8)
2, Blue 2, 5, 11, 150.00, 180.00, M1A2, FRIENDLY, 
3, Red 3, 4, 7, 270.00, 0.00, T-72, ENEMY, (1, 7)
4, Red 4, 4, 9, 270.00, 0.00, T-72, ENEMY, (1, 9)
>Last Unit<

# Unit target information
# Format is: unitID, targetID
1, 4
2, 4
>Last Target<

# Spot reports
# Format: Time index, spotter unit ID, observed unit ID, observed unit x, observed unit y

2, 1, 3, 6, 7
2, 1, 4, 6, 9
3, 1, 3, 5, 7
3, 1, 4, 5, 9
3, 2, 4, 5, 9
4, 1, 3, 4, 7
4, 1, 4, 4, 9
4, 2, 4, 4, 9
>Last Spot<
